version = 'MMult_4x4_17';
MY_MMult = [
40 1.163636e+01 0.000000e+00 
80 1.600000e+01 0.000000e+00 
120 1.888525e+01 0.000000e+00 
160 1.840899e+01 0.000000e+00 
200 1.916168e+01 0.000000e+00 
240 1.901513e+01 0.000000e+00 
280 1.923084e+01 0.000000e+00 
320 1.911228e+01 0.000000e+00 
360 1.939555e+01 0.000000e+00 
400 1.943812e+01 0.000000e+00 
440 1.949960e+01 0.000000e+00 
480 1.958594e+01 0.000000e+00 
520 1.944651e+01 0.000000e+00 
560 1.950747e+01 0.000000e+00 
600 1.936438e+01 0.000000e+00 
640 1.946060e+01 0.000000e+00 
680 1.958041e+01 0.000000e+00 
720 1.955765e+01 0.000000e+00 
760 1.941942e+01 0.000000e+00 
800 1.963002e+01 0.000000e+00 
];
