version = 'MMult_4x4_11';
MY_MMult = [
40 1.548387e+01 0.000000e+00 
80 1.552393e+01 0.000000e+00 
120 1.554404e+01 0.000000e+00 
160 1.560468e+01 0.000000e+00 
200 1.556420e+01 0.000000e+00 
240 1.550388e+01 0.000000e+00 
280 1.560468e+01 0.000000e+00 
320 1.558442e+01 0.000000e+00 
360 1.556420e+01 0.000000e+00 
400 1.556420e+01 0.000000e+00 
440 1.558442e+01 0.000000e+00 
480 1.558442e+01 0.000000e+00 
520 1.556420e+01 0.000000e+00 
560 1.558442e+01 0.000000e+00 
600 1.558442e+01 0.000000e+00 
640 1.558442e+01 0.000000e+00 
680 1.558442e+01 0.000000e+00 
720 1.558442e+01 0.000000e+00 
760 1.558442e+01 0.000000e+00 
800 1.558442e+01 0.000000e+00 
];
