version = 'MMult_4x4_16';
MY_MMult = [
40 1.163636e+01 0.000000e+00 
80 1.651613e+01 0.000000e+00 
120 1.898901e+01 0.000000e+00 
160 1.804405e+01 0.000000e+00 
200 1.871345e+01 0.000000e+00 
240 1.897598e+01 0.000000e+00 
280 1.902253e+01 0.000000e+00 
320 1.899594e+01 0.000000e+00 
360 1.922373e+01 0.000000e+00 
400 1.929164e+01 0.000000e+00 
440 1.895927e+01 0.000000e+00 
480 1.928202e+01 0.000000e+00 
520 1.924292e+01 0.000000e+00 
560 1.924453e+01 0.000000e+00 
600 1.934011e+01 0.000000e+00 
640 1.938935e+01 0.000000e+00 
680 1.943878e+01 0.000000e+00 
720 1.954690e+01 0.000000e+00 
760 1.941985e+01 0.000000e+00 
800 1.953006e+01 0.000000e+00 
];
