version = 'MMult_4x4_14';
MY_MMult = [
40 1.163636e+01 0.000000e+00 
80 1.575385e+01 0.000000e+00 
120 1.868108e+01 0.000000e+00 
160 1.728270e+01 0.000000e+00 
200 1.893491e+01 0.000000e+00 
240 1.908075e+01 0.000000e+00 
280 1.913862e+01 0.000000e+00 
320 1.919063e+01 0.000000e+00 
360 1.961985e+01 0.000000e+00 
400 1.943812e+01 0.000000e+00 
440 1.947063e+01 0.000000e+00 
480 1.971864e+01 0.000000e+00 
520 1.968748e+01 0.000000e+00 
560 1.950639e+01 0.000000e+00 
600 1.970084e+01 0.000000e+00 
640 1.974868e+01 0.000000e+00 
680 1.996204e+01 0.000000e+00 
720 1.966948e+01 0.000000e+00 
760 1.978483e+01 0.000000e+00 
800 1.967301e+01 0.000000e+00 
];
