version = 'MMult_4x4_18';
MY_MMult = [
40 3.069054e+01 0.000000e+00 
80 3.061224e+01 0.000000e+00 
120 3.084833e+01 0.000000e+00 
160 3.076923e+01 0.000000e+00 
200 3.084833e+01 0.000000e+00 
240 3.076923e+01 0.000000e+00 
280 3.076923e+01 0.000000e+00 
320 3.084833e+01 0.000000e+00 
360 3.084833e+01 0.000000e+00 
400 3.076923e+01 0.000000e+00 
440 3.076923e+01 0.000000e+00 
480 3.084833e+01 0.000000e+00 
520 3.084833e+01 0.000000e+00 
560 3.084833e+01 0.000000e+00 
600 3.076923e+01 0.000000e+00 
640 3.076923e+01 0.000000e+00 
680 3.084833e+01 0.000000e+00 
720 3.084833e+01 0.000000e+00 
760 3.076923e+01 0.000000e+00 
800 3.076923e+01 0.000000e+00 
];
