version = 'MMult1';
MY_MMult = [
40 1.560976e+00 0.000000e+00 
80 1.424200e+00 0.000000e+00 
120 1.364390e+00 0.000000e+00 
160 1.331816e+00 0.000000e+00 
200 1.327030e+00 0.000000e+00 
240 1.321480e+00 0.000000e+00 
280 1.290687e+00 0.000000e+00 
320 1.028823e+00 0.000000e+00 
360 1.243646e+00 0.000000e+00 
400 1.285347e+00 0.000000e+00 
440 1.267855e+00 0.000000e+00 
480 1.267428e+00 0.000000e+00 
520 1.224942e+00 0.000000e+00 
560 1.285491e+00 0.000000e+00 
600 1.269580e+00 0.000000e+00 
640 9.652605e-01 0.000000e+00 
680 1.270135e+00 0.000000e+00 
720 1.270478e+00 0.000000e+00 
760 1.250450e+00 0.000000e+00 
800 9.419695e-01 0.000000e+00 
];
