version = 'MMult_4x4_10';
MY_MMult = [
40 1.628223e+01 0.000000e+00 
80 1.628223e+01 0.000000e+00 
120 1.626016e+01 0.000000e+00 
160 1.628223e+01 0.000000e+00 
200 1.610738e+01 0.000000e+00 
240 1.621622e+01 0.000000e+00 
280 1.628223e+01 0.000000e+00 
320 1.628223e+01 0.000000e+00 
360 1.626016e+01 0.000000e+00 
400 1.628223e+01 0.000000e+00 
440 1.628223e+01 0.000000e+00 
480 1.626016e+01 0.000000e+00 
520 1.628223e+01 0.000000e+00 
560 1.628223e+01 0.000000e+00 
600 1.626016e+01 0.000000e+00 
640 1.628223e+01 0.000000e+00 
680 1.628223e+01 0.000000e+00 
720 1.626016e+01 0.000000e+00 
760 1.628223e+01 0.000000e+00 
800 1.626016e+01 0.000000e+00 
];
