version = 'MMult_4x4_12';
MY_MMult = [
40 1.589404e+01 0.000000e+00 
80 1.593625e+01 0.000000e+00 
120 1.593625e+01 0.000000e+00 
160 1.591512e+01 0.000000e+00 
200 1.591512e+01 0.000000e+00 
240 1.587302e+01 0.000000e+00 
280 1.591512e+01 0.000000e+00 
320 1.595745e+01 0.000000e+00 
360 1.593625e+01 0.000000e+00 
400 1.593625e+01 0.000000e+00 
440 1.593625e+01 0.000000e+00 
480 1.595745e+01 0.000000e+00 
520 1.593625e+01 0.000000e+00 
560 1.595745e+01 0.000000e+00 
600 1.593625e+01 0.000000e+00 
640 1.593625e+01 0.000000e+00 
680 1.595745e+01 0.000000e+00 
720 1.595745e+01 0.000000e+00 
760 1.593625e+01 0.000000e+00 
800 1.593625e+01 0.000000e+00 
];
