version = 'MMult_4x4_12';
MY_MMult = [
40 8.533333e+00 0.000000e+00 
80 9.225225e+00 0.000000e+00 
120 9.600000e+00 0.000000e+00 
160 9.426928e+00 0.000000e+00 
200 9.569378e+00 0.000000e+00 
240 9.550259e+00 0.000000e+00 
280 9.525711e+00 0.000000e+00 
320 9.753832e+00 0.000000e+00 
360 9.679668e+00 0.000000e+00 
400 9.703586e+00 0.000000e+00 
440 9.672306e+00 0.000000e+00 
480 9.743359e+00 0.000000e+00 
520 9.621130e+00 0.000000e+00 
560 9.784439e+00 0.000000e+00 
600 9.742237e+00 0.000000e+00 
640 9.729397e+00 0.000000e+00 
680 9.668881e+00 0.000000e+00 
720 9.680421e+00 0.000000e+00 
760 9.661201e+00 0.000000e+00 
800 9.604022e+00 0.000000e+00 
];
