version = 'MMult_4x4_9';
MY_MMult = [
40 1.066667e+01 0.000000e+00 
80 1.077895e+01 0.000000e+00 
120 1.086792e+01 0.000000e+00 
160 1.046232e+01 0.000000e+00 
200 1.053325e+01 0.000000e+00 
240 1.045293e+01 0.000000e+00 
280 9.625959e+00 0.000000e+00 
320 7.688409e+00 0.000000e+00 
360 8.222771e+00 0.000000e+00 
400 9.785185e+00 0.000000e+00 
440 7.392840e+00 0.000000e+00 
480 8.409399e+00 0.000000e+00 
520 6.899821e+00 0.000000e+00 
560 9.284974e+00 0.000000e+00 
600 6.922855e+00 0.000000e+00 
640 6.551635e+00 0.000000e+00 
680 6.992428e+00 0.000000e+00 
720 8.357078e+00 0.000000e+00 
760 6.755036e+00 0.000000e+00 
800 7.779618e+00 0.000000e+00 
];
