version = 'MMult_4x4_10';
MY_MMult = [
40 9.846154e+00 0.000000e+00 
80 1.066667e+01 0.000000e+00 
120 1.090221e+01 0.000000e+00 
160 1.051605e+01 0.000000e+00 
200 1.058201e+01 0.000000e+00 
240 1.048464e+01 0.000000e+00 
280 1.047828e+01 0.000000e+00 
320 1.041908e+01 0.000000e+00 
360 1.051995e+01 0.000000e+00 
400 1.033926e+01 0.000000e+00 
440 1.055891e+01 0.000000e+00 
480 1.042731e+01 0.000000e+00 
520 1.015697e+01 0.000000e+00 
560 1.047297e+01 0.000000e+00 
600 1.059915e+01 0.000000e+00 
640 9.261566e+00 0.000000e+00 
680 1.056470e+01 0.000000e+00 
720 1.040572e+01 0.000000e+00 
760 1.057659e+01 0.000000e+00 
800 1.040661e+01 0.000000e+00 
];
