version = 'MMult_4x4_18';
MY_MMult = [
40 1.163636e+01 0.000000e+00 
80 1.625397e+01 0.000000e+00 
120 1.878261e+01 0.000000e+00 
160 1.853394e+01 0.000000e+00 
200 1.907032e+01 0.000000e+00 
240 1.897598e+01 0.000000e+00 
280 1.923926e+01 0.000000e+00 
320 1.911228e+01 0.000000e+00 
360 1.944000e+01 0.000000e+00 
400 1.942632e+01 0.000000e+00 
440 1.951747e+01 0.000000e+00 
480 1.957900e+01 0.000000e+00 
520 1.947884e+01 0.000000e+00 
560 1.950747e+01 0.000000e+00 
600 1.957054e+01 0.000000e+00 
640 1.960688e+01 0.000000e+00 
680 1.947309e+01 0.000000e+00 
720 1.950298e+01 0.000000e+00 
760 1.959146e+01 0.000000e+00 
800 1.941011e+01 0.000000e+00 
];
