version = 'MMult_4x4_8';
MY_MMult = [
40 6.736842e+00 0.000000e+00 
80 7.013699e+00 0.000000e+00 
120 7.353191e+00 0.000000e+00 
160 6.918919e+00 0.000000e+00 
200 7.233273e+00 0.000000e+00 
240 6.944989e+00 0.000000e+00 
280 6.788928e+00 0.000000e+00 
320 5.506301e+00 0.000000e+00 
360 6.031414e+00 0.000000e+00 
400 6.144393e+00 0.000000e+00 
440 5.755092e+00 0.000000e+00 
480 5.894782e+00 0.000000e+00 
520 5.242166e+00 0.000000e+00 
560 5.976586e+00 0.000000e+00 
600 5.578801e+00 0.000000e+00 
640 5.312258e+00 0.000000e+00 
680 4.624544e+00 0.000000e+00 
720 5.754006e+00 0.000000e+00 
760 4.791739e+00 0.000000e+00 
800 5.409889e+00 0.000000e+00 
];
