version = 'MMult_4x4_15';
MY_MMult = [
40 9.142857e+00 0.000000e+00 
80 1.204706e+01 0.000000e+00 
120 1.355294e+01 0.000000e+00 
160 1.317042e+01 0.000000e+00 
200 1.360544e+01 0.000000e+00 
240 1.366683e+01 0.000000e+00 
280 1.370715e+01 0.000000e+00 
320 1.371333e+01 0.000000e+00 
360 1.369215e+01 0.000000e+00 
400 1.387083e+01 0.000000e+00 
440 1.384093e+01 0.000000e+00 
480 1.383957e+01 0.000000e+00 
520 1.379727e+01 0.000000e+00 
560 1.397438e+01 0.000000e+00 
600 1.392336e+01 0.000000e+00 
640 1.390574e+01 0.000000e+00 
680 1.403088e+01 0.000000e+00 
720 1.403768e+01 0.000000e+00 
760 1.398525e+01 0.000000e+00 
800 1.396560e+01 0.000000e+00 
];
