version = 'MMult_4x4_11';
MY_MMult = [
40 9.846154e+00 0.000000e+00 
80 9.941748e+00 0.000000e+00 
120 1.053659e+01 0.000000e+00 
160 1.025282e+01 0.000000e+00 
200 1.049869e+01 0.000000e+00 
240 1.031642e+01 0.000000e+00 
280 1.042108e+01 0.000000e+00 
320 1.033528e+01 0.000000e+00 
360 1.052114e+01 0.000000e+00 
400 1.028278e+01 0.000000e+00 
440 1.053671e+01 0.000000e+00 
480 1.041160e+01 0.000000e+00 
520 1.027836e+01 0.000000e+00 
560 1.037368e+01 0.000000e+00 
600 1.053016e+01 0.000000e+00 
640 1.033670e+01 0.000000e+00 
680 1.056595e+01 0.000000e+00 
720 1.034401e+01 0.000000e+00 
760 1.055117e+01 0.000000e+00 
800 1.020917e+01 0.000000e+00 
];
