version = 'MMult0';
MY_MMult = [
40 1.542169e+00 0.000000e+00 
80 1.404664e+00 0.000000e+00 
120 1.360094e+00 0.000000e+00 
160 1.331816e+00 0.000000e+00 
200 1.329787e+00 0.000000e+00 
240 1.321227e+00 0.000000e+00 
280 1.319191e+00 0.000000e+00 
320 1.041146e+00 0.000000e+00 
360 1.308063e+00 0.000000e+00 
400 1.255653e+00 0.000000e+00 
440 1.229162e+00 0.000000e+00 
480 1.228200e+00 0.000000e+00 
520 1.172813e+00 0.000000e+00 
560 1.213585e+00 0.000000e+00 
600 1.216463e+00 0.000000e+00 
640 1.033379e+00 0.000000e+00 
680 1.221786e+00 0.000000e+00 
720 1.222401e+00 0.000000e+00 
760 1.238574e+00 0.000000e+00 
800 1.000343e+00 0.000000e+00 
];
