version = 'MMult_4x4_13';
MY_MMult = [
40 1.280000e+01 0.000000e+00 
80 1.651613e+01 0.000000e+00 
120 1.868108e+01 0.000000e+00 
160 1.820444e+01 0.000000e+00 
200 1.884570e+01 0.000000e+00 
240 1.901513e+01 0.000000e+00 
280 1.875438e+01 0.000000e+00 
320 1.888646e+01 0.000000e+00 
360 1.906661e+01 0.000000e+00 
400 1.919328e+01 0.000000e+00 
440 1.932925e+01 0.000000e+00 
480 1.943450e+01 0.000000e+00 
520 1.929970e+01 0.000000e+00 
560 1.935163e+01 0.000000e+00 
600 1.935571e+01 0.000000e+00 
640 1.859837e+01 0.000000e+00 
680 1.943818e+01 0.000000e+00 
720 1.919161e+01 0.000000e+00 
760 1.924236e+01 0.000000e+00 
800 1.942890e+01 0.000000e+00 
];
