version = 'MMult_cuda_12';
GPU Device 0: "NVIDIA GeForce RTX 3080" with compute capability 8.6

MY_MMult = [
1024 16635.45 7.247925e-05 
1152 11988.16 8.392334e-05 
1280 14828.15 1.068115e-04 
1408 17903.09 1.258850e-04 
1536 14290.23 1.182556e-04 
1664 16741.83 1.258850e-04 
1792 19190.51 1.373291e-04 
1920 16927.99 1.907349e-04 
2048 18580.69 1.564026e-04 
2176 17313.01 1.716614e-04 
2304 18468.14 1.716614e-04 
2432 18102.84 1.831055e-04 
2560 18895.52 1.945496e-04 
2688 18269.54 1.907349e-04 
2816 17749.39 2.193451e-04 
2944 18665.74 2.593994e-04 
3072 18300.96 2.441406e-04 
3200 18210.19 2.746582e-04 
3328 18830.20 3.280640e-04 
3456 18707.21 3.280640e-04 
3584 18580.10 2.899170e-04 
3712 18412.68 3.280640e-04 
3840 18374.51 3.738403e-04 
3968 18234.20 3.738403e-04 
4096 18216.33 3.509521e-04 
];
