version = 'MMult_cuda_10';
GPU Device 0: "NVIDIA GeForce RTX 3080" with compute capability 8.6

MY_MMult = [
1024 10860.91 7.247925e-05 
1152 9017.44 8.392334e-05 
1280 11176.41 1.068115e-04 
1408 13409.62 1.258850e-04 
1536 10387.59 1.182556e-04 
1664 12207.25 1.258850e-04 
1792 14192.14 1.373291e-04 
1920 12808.66 1.907349e-04 
2048 15352.21 1.564026e-04 
2176 13981.38 1.716614e-04 
2304 15379.50 1.716614e-04 
2432 14650.03 1.831055e-04 
2560 15833.78 1.945496e-04 
2688 15134.27 1.907349e-04 
2816 14683.54 2.193451e-04 
2944 15758.60 2.593994e-04 
3072 15407.97 2.441406e-04 
3200 15168.65 2.746582e-04 
3328 16030.18 3.280640e-04 
3456 15862.35 3.280640e-04 
3584 15620.07 2.899170e-04 
3712 15600.41 3.280640e-04 
3840 15479.32 3.738403e-04 
3968 15421.87 3.738403e-04 
4096 15388.22 3.509521e-04 
];
