version = 'MMult_cuda_6';
GPU Device 0: "NVIDIA GeForce RTX 3080" with compute capability 8.6

MY_MMult = [
1024 3165.02 7.247925e-05 
1152 3219.39 8.392334e-05 
1280 3311.29 1.068115e-04 
1408 3318.39 1.258850e-04 
1536 3735.15 1.182556e-04 
1664 3694.61 1.258850e-04 
1792 3671.32 1.373291e-04 
1920 3711.67 1.907349e-04 
2048 3668.11 1.564026e-04 
2176 3714.72 1.716614e-04 
2304 3699.94 1.716614e-04 
2432 3719.28 1.831055e-04 
2560 3667.40 1.945496e-04 
2688 3695.71 1.907349e-04 
2816 3678.39 2.193451e-04 
2944 3683.63 2.593994e-04 
3072 3671.62 2.441406e-04 
3200 3665.02 2.746582e-04 
3328 3658.52 3.280640e-04 
3456 3669.57 3.280640e-04 
3584 3664.37 2.899170e-04 
3712 3668.71 3.280640e-04 
3840 3674.00 3.738403e-04 
3968 3677.78 3.738403e-04 
4096 3670.64 3.509521e-04 
];
