version = 'MMult_cuBLAS_1';
GPU Device 0: "NVIDIA GeForce RTX 3080" with compute capability 8.6

MY_MMult = [
1024 10637.93 3.242493e-05 
1152 16397.92 3.480911e-05 
1280 16559.61 5.626678e-05 
1408 13734.41 5.340576e-05 
1536 14581.54 5.340576e-05 
1664 14285.89 4.577637e-05 
1792 13704.07 5.340576e-05 
1920 13878.71 5.912781e-05 
2048 16339.17 1.564026e-04 
2176 12957.95 1.716614e-04 
2304 16535.38 1.716614e-04 
2432 12519.21 8.392334e-05 
2560 16971.11 1.945496e-04 
2688 18144.32 1.907349e-04 
2816 12950.36 2.193451e-04 
2944 16634.41 2.593994e-04 
3072 17836.77 2.441406e-04 
3200 12842.99 2.746582e-04 
3328 16601.17 3.280640e-04 
3456 16300.24 3.280640e-04 
3584 12411.39 1.029968e-04 
3712 17320.47 3.280640e-04 
3840 14158.14 3.738403e-04 
3968 13989.40 3.738403e-04 
4096 14217.98 3.509521e-04 
];
