version = 'MMult_cuBLAS_2';
GPU Device 0: "NVIDIA GeForce RTX 3080" with compute capability 8.6

MY_MMult = [
1024 10768.11 3.242493e-05 
1152 16446.89 3.480911e-05 
1280 16571.86 5.626678e-05 
1408 13898.33 5.340576e-05 
1536 14489.48 5.340576e-05 
1664 14472.10 4.577637e-05 
1792 13926.61 5.340576e-05 
1920 13842.92 5.912781e-05 
2048 16421.74 1.564026e-04 
2176 13009.90 1.716614e-04 
2304 16599.08 1.716614e-04 
2432 12421.43 8.392334e-05 
2560 16870.40 1.945496e-04 
2688 17895.05 1.907349e-04 
2816 12906.06 2.193451e-04 
2944 16560.19 2.593994e-04 
3072 17843.88 2.441406e-04 
3200 12758.92 2.746582e-04 
3328 16618.32 3.280640e-04 
3456 16333.63 3.280640e-04 
3584 12356.31 1.029968e-04 
3712 17338.03 3.280640e-04 
3840 14111.53 3.738403e-04 
3968 13971.58 3.738403e-04 
4096 14184.42 3.509521e-04 
];
