version = 'MMult_cuda_9';
GPU Device 0: "NVIDIA GeForce RTX 3080" with compute capability 8.6

MY_MMult = [
1024 10787.91 7.247925e-05 
1152 9263.87 8.392334e-05 
1280 11465.92 1.068115e-04 
1408 13740.90 1.258850e-04 
1536 10607.32 1.182556e-04 
1664 12420.91 1.258850e-04 
1792 14453.16 1.373291e-04 
1920 13160.41 1.907349e-04 
2048 14995.85 1.564026e-04 
2176 13423.66 1.716614e-04 
2304 15407.11 1.716614e-04 
2432 14797.16 1.831055e-04 
2560 15988.39 1.945496e-04 
2688 15164.42 1.907349e-04 
2816 14900.56 2.193451e-04 
2944 15936.94 2.593994e-04 
3072 15665.25 2.441406e-04 
3200 15319.37 2.746582e-04 
3328 16216.18 3.280640e-04 
3456 15997.54 3.280640e-04 
3584 15892.93 2.899170e-04 
3712 15742.18 3.280640e-04 
3840 15672.13 3.738403e-04 
3968 15652.81 3.738403e-04 
4096 15611.22 3.509521e-04 
];
