version = 'MMult_cuda_2';
GPU Device 0: "NVIDIA GeForce RTX 3080" with compute capability 8.6

MY_MMult = [
1200 747.80 9.155273e-05 
1600 476.38 1.220703e-04 
2000 768.46 1.525879e-04 
2400 474.92 1.983643e-04 
2800 763.09 3.738403e-04 
3200 476.81 2.822876e-04 
3600 770.58 2.899170e-04 
4000 486.59 3.509521e-04 
4400 747.94 3.890991e-04 
4800 480.91 4.501343e-04 
5200 741.27 4.577637e-04 
];
