version = 'MMult_cuda_11';
GPU Device 0: "NVIDIA GeForce RTX 3080" with compute capability 8.6

MY_MMult = [
1024 12636.12 7.247925e-05 
1152 10658.86 8.392334e-05 
1280 13162.70 1.068115e-04 
1408 15935.04 1.258850e-04 
1536 11895.09 1.182556e-04 
1664 14023.52 1.258850e-04 
1792 16268.22 1.373291e-04 
1920 14974.50 1.907349e-04 
2048 16748.66 1.564026e-04 
2176 15306.64 1.716614e-04 
2304 17145.08 1.716614e-04 
2432 16403.14 1.831055e-04 
2560 17659.38 1.945496e-04 
2688 16749.79 1.907349e-04 
2816 16429.85 2.193451e-04 
2944 17211.17 2.593994e-04 
3072 16926.06 2.441406e-04 
3200 16721.53 2.746582e-04 
3328 17413.48 3.280640e-04 
3456 17003.49 3.280640e-04 
3584 17123.20 2.899170e-04 
3712 16784.96 3.280640e-04 
3840 16988.37 3.738403e-04 
3968 16687.82 3.738403e-04 
4096 16831.67 3.509521e-04 
];
