version = 'MMult_cuda_7';
GPU Device 0: "NVIDIA GeForce RTX 3090" with compute capability 8.6

MY_MMult = [
1024 4799.10 7.247925e-05 
1152 6046.16 8.392334e-05 
1280 6020.74 1.068115e-04 
1408 6103.93 1.258850e-04 
1536 5485.28 1.182556e-04 
1664 6441.97 1.258850e-04 
1792 6729.21 1.373291e-04 
1920 6952.87 1.907349e-04 
2048 6714.18 1.564026e-04 
2176 6628.49 1.716614e-04 
2304 6876.40 1.716614e-04 
2432 6800.96 1.831055e-04 
2560 6763.13 1.945496e-04 
2688 6786.04 1.907349e-04 
2816 6795.07 2.193451e-04 
2944 6847.96 2.593994e-04 
3072 6692.63 2.441406e-04 
3200 6743.39 2.746582e-04 
3328 6839.06 3.280640e-04 
3456 6744.52 3.280640e-04 
3584 6679.47 2.899170e-04 
3712 6643.94 3.280640e-04 
3840 6731.34 3.738403e-04 
3968 6725.52 3.738403e-04 
4096 6730.59 3.509521e-04 
];
