version = 'MMult_cuda_2';
GPU Device 0: "NVIDIA GeForce RTX 3080" with compute capability 8.6

MY_MMult = [
1024 449.47 7.247925e-05 
1152 484.94 8.392334e-05 
1280 473.72 1.068115e-04 
1408 483.25 1.258850e-04 
1536 477.37 1.182556e-04 
1664 480.06 1.258850e-04 
1792 482.28 1.373291e-04 
1920 474.67 1.907349e-04 
2048 483.35 1.564026e-04 
2176 474.56 1.716614e-04 
2304 477.77 1.716614e-04 
2432 476.35 1.831055e-04 
2560 465.45 1.945496e-04 
2688 474.31 1.907349e-04 
2816 481.86 2.193451e-04 
2944 482.28 2.593994e-04 
3072 476.64 2.441406e-04 
3200 476.94 2.746582e-04 
3328 485.21 3.280640e-04 
3456 484.32 3.280640e-04 
3584 484.52 2.899170e-04 
3712 482.32 3.280640e-04 
3840 471.74 3.738403e-04 
3968 483.43 3.738403e-04 
4096 481.02 3.509521e-04 
];
