version = 'MMult_cuda_8';
GPU Device 0: "NVIDIA GeForce RTX 3080" with compute capability 8.6

MY_MMult = [
1024 4820.90 7.247925e-05 
1152 4996.40 8.392334e-05 
1280 5156.29 1.068115e-04 
1408 4870.39 1.258850e-04 
1536 5387.88 1.182556e-04 
1664 5544.25 1.258850e-04 
1792 5585.79 1.373291e-04 
1920 5577.91 1.907349e-04 
2048 5486.57 1.564026e-04 
2176 5569.79 1.716614e-04 
2304 5461.78 1.716614e-04 
2432 5444.76 1.831055e-04 
2560 5508.09 1.945496e-04 
2688 5434.42 1.907349e-04 
2816 5395.18 2.193451e-04 
2944 5418.13 2.593994e-04 
3072 5443.66 2.441406e-04 
3200 5413.37 2.746582e-04 
3328 5363.66 3.280640e-04 
3456 5364.71 3.280640e-04 
3584 5336.84 2.899170e-04 
3712 5355.17 3.280640e-04 
3840 5362.73 3.738403e-04 
3968 5306.01 3.738403e-04 
4096 5220.77 3.509521e-04 
];
