version = 'MMult_cuda_7';
GPU Device 0: "NVIDIA GeForce RTX 3080" with compute capability 8.6

MY_MMult = [
1024 4766.12 7.247925e-05 
1152 4919.72 8.392334e-05 
1280 5085.49 1.068115e-04 
1408 4650.16 1.258850e-04 
1536 5605.82 1.182556e-04 
1664 5879.19 1.258850e-04 
1792 5699.81 1.373291e-04 
1920 5629.04 1.907349e-04 
2048 5603.15 1.564026e-04 
2176 5885.68 1.716614e-04 
2304 5673.68 1.716614e-04 
2432 5728.02 1.831055e-04 
2560 5826.80 1.945496e-04 
2688 5880.91 1.907349e-04 
2816 5793.90 2.193451e-04 
2944 5754.60 2.593994e-04 
3072 5856.00 2.441406e-04 
3200 5824.26 2.746582e-04 
3328 5819.59 3.280640e-04 
3456 5830.59 3.280640e-04 
3584 5736.24 2.899170e-04 
3712 5769.87 3.280640e-04 
3840 5809.84 3.738403e-04 
3968 5705.38 3.738403e-04 
4096 5685.23 3.509521e-04 
];
