version = 'MMult_cuBLAS_1';
GPU Device 0: "NVIDIA GeForce RTX 3080" with compute capability 8.6

MY_MMult = [
1200 13345.05 3.814697e-05 
1600 13771.81 4.577637e-05 
2000 13317.00 5.722046e-05 
2400 12790.02 1.983643e-04 
2800 13222.21 3.738403e-04 
3200 12836.31 2.822876e-04 
3600 16729.96 2.899170e-04 
4000 12337.06 1.182556e-04 
4400 14714.45 1.335144e-04 
4800 14990.13 1.449585e-04 
5200 17721.13 4.577637e-04 
];
