version = 'MMult_cuda_3';
GPU Device 0: "NVIDIA GeForce RTX 3080" with compute capability 8.6

MY_MMult = [
1024 2348.83 7.247925e-05 
1152 2368.86 8.392334e-05 
1280 2696.05 1.068115e-04 
1408 2685.68 1.258850e-04 
1536 2663.44 1.182556e-04 
1664 2664.02 1.258850e-04 
1792 2667.68 1.373291e-04 
1920 2674.12 1.907349e-04 
2048 2673.12 1.564026e-04 
2176 2669.83 1.716614e-04 
2304 2659.31 1.716614e-04 
2432 2653.01 1.831055e-04 
2560 2649.64 1.945496e-04 
2688 2643.43 1.907349e-04 
2816 2637.53 2.193451e-04 
2944 2631.19 2.593994e-04 
3072 2628.32 2.441406e-04 
3200 2626.45 2.746582e-04 
3328 2594.80 3.280640e-04 
3456 2588.46 3.280640e-04 
3584 2588.16 2.899170e-04 
3712 2590.75 3.280640e-04 
3840 2601.79 3.738403e-04 
3968 2600.13 3.738403e-04 
4096 2604.26 3.509521e-04 
];
