version = 'MMult_cuda_4';
GPU Device 0: "NVIDIA GeForce RTX 3080" with compute capability 8.6

MY_MMult = [
1024 6109.22 7.247925e-05 
1152 6208.11 8.392334e-05 
1280 6391.93 1.068115e-04 
1408 6413.10 1.258850e-04 
1536 6490.45 1.182556e-04 
1664 6592.70 1.258850e-04 
1792 6491.07 1.373291e-04 
1920 6541.92 1.907349e-04 
2048 6522.68 1.564026e-04 
2176 6503.46 1.716614e-04 
2304 6550.76 1.716614e-04 
2432 6531.24 1.831055e-04 
2560 6503.59 1.945496e-04 
2688 6515.36 1.907349e-04 
2816 6509.47 2.193451e-04 
2944 6453.46 2.593994e-04 
3072 6495.38 2.441406e-04 
3200 6483.08 2.746582e-04 
3328 6460.18 3.280640e-04 
3456 6496.13 3.280640e-04 
3584 6501.23 2.899170e-04 
3712 6524.08 3.280640e-04 
3840 6499.54 3.738403e-04 
3968 6487.26 3.738403e-04 
4096 6505.56 3.509521e-04 
];
