version = 'MMult_cuda_12';
GPU Device 0: "NVIDIA GeForce RTX 3090" with compute capability 8.6

MY_MMult = [
1024 16257.53 7.247925e-05 
1152 20440.02 8.392334e-05 
1280 14655.91 1.068115e-04 
1408 17732.82 1.258850e-04 
1536 20937.86 1.182556e-04 
1664 16541.26 1.258850e-04 
1792 19023.14 1.373291e-04 
1920 21486.99 1.907349e-04 
2048 18795.48 1.564026e-04 
2176 20553.09 1.716614e-04 
2304 22417.96 1.716614e-04 
2432 20389.30 1.831055e-04 
2560 21924.48 1.945496e-04 
2688 20747.71 1.907349e-04 
2816 22255.11 2.193451e-04 
2944 20980.56 2.593994e-04 
3072 20402.22 2.441406e-04 
3200 21205.12 2.746582e-04 
3328 20986.45 3.280640e-04 
3456 21859.21 3.280640e-04 
3584 21398.98 2.899170e-04 
3712 20981.10 3.280640e-04 
3840 21836.18 3.738403e-04 
3968 21428.58 3.738403e-04 
4096 21410.87 3.509521e-04 
];
