version = 'MMult_cuda_5';
GPU Device 0: "NVIDIA GeForce RTX 3080" with compute capability 8.6

MY_MMult = [
1024 6476.59 7.247925e-05 
1152 6727.65 8.392334e-05 
1280 6989.59 1.068115e-04 
1408 6370.10 1.258850e-04 
1536 6755.63 1.182556e-04 
1664 7304.07 1.258850e-04 
1792 7107.59 1.373291e-04 
1920 7109.28 1.907349e-04 
2048 6943.20 1.564026e-04 
2176 7306.77 1.716614e-04 
2304 7060.76 1.716614e-04 
2432 7053.52 1.831055e-04 
2560 7173.36 1.945496e-04 
2688 7071.53 1.907349e-04 
2816 6955.60 2.193451e-04 
2944 6923.04 2.593994e-04 
3072 6969.85 2.441406e-04 
3200 6918.04 2.746582e-04 
3328 6844.63 3.280640e-04 
3456 6825.10 3.280640e-04 
3584 6766.01 2.899170e-04 
3712 6780.47 3.280640e-04 
3840 6814.50 3.738403e-04 
3968 6746.66 3.738403e-04 
4096 6534.27 3.509521e-04 
];
