version = 'MMult_4x4_19';
MY_MMult = [
40 2.461538e+00 0.000000e+00 
80 2.805479e+00 0.000000e+00 
120 2.870432e+00 0.000000e+00 
160 2.747150e+00 0.000000e+00 
200 2.675585e+00 0.000000e+00 
240 2.720457e+00 0.000000e+00 
280 2.639889e+00 0.000000e+00 
320 2.748186e+00 0.000000e+00 
360 2.713741e+00 0.000000e+00 
400 2.780010e+00 0.000000e+00 
440 2.742077e+00 0.000000e+00 
480 2.835692e+00 0.000000e+00 
520 2.719270e+00 0.000000e+00 
560 2.828980e+00 0.000000e+00 
600 2.768823e+00 0.000000e+00 
640 2.866309e+00 0.000000e+00 
680 2.808218e+00 0.000000e+00 
];
