version = 'MMult_4x4_18';
MY_MMult = [
40 1.828571e+00 0.000000e+00 
80 2.027723e+00 0.000000e+00 
120 2.084439e+00 0.000000e+00 
160 1.971600e+00 0.000000e+00 
200 1.950268e+00 0.000000e+00 
240 1.970915e+00 0.000000e+00 
280 1.920896e+00 1.716614e-05 
320 1.963273e+00 2.098083e-05 
360 1.976154e+00 2.098083e-05 
400 1.996444e+00 2.670288e-05 
440 2.008725e+00 2.670288e-05 
480 2.038543e+00 2.861023e-05 
520 1.977067e+00 3.242493e-05 
560 2.009877e+00 3.433228e-05 
600 2.009910e+00 3.623962e-05 
640 2.032573e+00 4.005432e-05 
680 1.975727e+00 4.386902e-05 
];
