version = 'MMult_4x4_9';
MY_MMult = [
40 5.333333e+00 0.000000e+00 
80 5.197970e+00 0.000000e+00 
120 4.902128e+00 0.000000e+00 
160 4.284519e+00 0.000000e+00 
200 4.434590e+00 0.000000e+00 
240 3.640769e+00 0.000000e+00 
280 3.795625e+00 0.000000e+00 
320 2.556605e+00 0.000000e+00 
360 3.291080e+00 0.000000e+00 
400 2.915319e+00 0.000000e+00 
440 2.917910e+00 0.000000e+00 
480 2.504773e+00 0.000000e+00 
520 2.721164e+00 0.000000e+00 
560 2.638957e+00 0.000000e+00 
600 2.456234e+00 0.000000e+00 
];
