version = 'MMult0';
MY_MMult = [
40 5.614035e-01 0.000000e+00 
80 4.541020e-01 0.000000e+00 
120 4.385787e-01 0.000000e+00 
160 4.176609e-01 0.000000e+00 
200 4.141430e-01 0.000000e+00 
240 4.063432e-01 0.000000e+00 
280 3.877863e-01 0.000000e+00 
320 3.853359e-01 0.000000e+00 
360 3.658060e-01 0.000000e+00 
400 3.540254e-01 0.000000e+00 
440 3.310791e-01 0.000000e+00 
480 3.146158e-01 0.000000e+00 
520 3.032390e-01 0.000000e+00 
560 2.268772e-01 0.000000e+00 
600 1.817248e-01 0.000000e+00 
];
