version = 'MMult_4x4_20';
MY_MMult = [
40 3.047619e+00 0.000000e+00 
80 3.543253e+00 0.000000e+00 
120 3.692308e+00 0.000000e+00 
160 3.527993e+00 0.000000e+00 
200 3.261313e+00 0.000000e+00 
240 3.443088e+00 0.000000e+00 
280 3.253835e+00 0.000000e+00 
320 3.483734e+00 0.000000e+00 
360 3.392423e+00 0.000000e+00 
400 3.513684e+00 0.000000e+00 
440 3.439346e+00 0.000000e+00 
480 3.608928e+00 0.000000e+00 
520 3.410291e+00 0.000000e+00 
560 3.610118e+00 0.000000e+00 
600 3.498684e+00 0.000000e+00 
640 3.673852e+00 0.000000e+00 
680 3.578011e+00 0.000000e+00 
];
