version = 'MMult_4x4_12';
MY_MMult = [
40 1.910448e+00 0.000000e+00 
80 1.939394e+00 0.000000e+00 
120 2.016336e+00 0.000000e+00 
160 1.960278e+00 0.000000e+00 
200 1.881689e+00 0.000000e+00 
240 1.879666e+00 0.000000e+00 
280 1.748258e+00 7.629395e-06 
320 1.787037e+00 1.144409e-05 
360 1.817282e+00 1.525879e-05 
400 1.827318e+00 2.288818e-05 
440 1.820832e+00 2.670288e-05 
480 1.854326e+00 2.861023e-05 
520 1.784230e+00 3.242493e-05 
560 1.830802e+00 3.814697e-05 
600 1.822593e+00 4.005432e-05 
640 1.807011e+00 4.005432e-05 
680 1.829843e+00 4.386902e-05 
720 1.864469e+00 5.340576e-05 
760 1.862807e+00 4.959106e-05 
800 1.830948e+00 5.912781e-05 
];
