version = 'MMult_4x4_19';
MY_MMult = [
40 2.509804e+00 0.000000e+00 
80 2.805479e+00 0.000000e+00 
120 2.958904e+00 0.000000e+00 
160 2.837548e+00 0.000000e+00 
200 2.621661e+00 0.000000e+00 
240 2.696840e+00 0.000000e+00 
280 2.669585e+00 1.716614e-05 
320 2.748302e+00 2.098083e-05 
360 2.750052e+00 2.098083e-05 
400 2.797875e+00 2.670288e-05 
440 2.817350e+00 2.670288e-05 
480 2.882102e+00 2.861023e-05 
520 2.816723e+00 3.242493e-05 
560 2.876876e+00 3.623962e-05 
600 2.857578e+00 3.623962e-05 
640 2.909624e+00 3.623962e-05 
680 2.907625e+00 4.386902e-05 
];
