version = 'MMult_4x4_8';
MY_MMult = [
40 2.909091e+00 2.664535e-15 
80 3.210031e+00 4.440892e-15 
120 3.034241e+00 8.881784e-15 
160 2.916340e+00 1.154632e-14 
200 2.652520e+00 1.243450e-14 
240 2.424200e+00 1.421085e-14 
280 2.344047e+00 2.131628e-14 
320 2.316087e+00 2.486900e-14 
360 2.209771e+00 2.486900e-14 
400 2.070427e+00 2.842171e-14 
440 1.947196e+00 3.197442e-14 
480 1.783354e+00 3.375078e-14 
520 1.760362e+00 3.375078e-14 
560 1.589048e+00 3.907985e-14 
600 1.416073e+00 3.907985e-14 
];
