version = 'MMult_4x4_10';
MY_MMult = [
40 4.413793e+00 1.907349e-06 
80 4.213992e+00 3.814697e-06 
120 4.173913e+00 4.768372e-06 
160 3.889839e+00 7.629395e-06 
200 4.061945e+00 9.536743e-06 
240 3.821952e+00 1.335144e-05 
280 3.609933e+00 1.525879e-05 
320 2.485814e+00 2.288818e-05 
360 3.466528e+00 2.479553e-05 
400 3.402626e+00 2.288818e-05 
440 3.260257e+00 2.861023e-05 
480 2.961757e+00 3.242493e-05 
520 3.106501e+00 3.433228e-05 
560 3.242331e+00 3.433228e-05 
600 3.140037e+00 3.814697e-05 
];
