version = 'MMult_4x4_20';
MY_MMult = [
40 3.121951e+00 0.000000e+00 
80 3.555556e+00 0.000000e+00 
120 3.724138e+00 0.000000e+00 
160 3.490413e+00 0.000000e+00 
200 3.281378e+00 0.000000e+00 
240 3.459027e+00 0.000000e+00 
280 3.265938e+00 0.000000e+00 
320 3.500107e+00 0.000000e+00 
360 3.405050e+00 0.000000e+00 
400 3.527434e+00 0.000000e+00 
440 3.450841e+00 0.000000e+00 
480 3.627275e+00 0.000000e+00 
520 3.426914e+00 0.000000e+00 
560 3.628467e+00 0.000000e+00 
