version = 'MMult_4x4_9';
MY_MMult = [
40 4.794007e-01 0.000000e+00 
80 4.885496e-01 0.000000e+00 
120 4.805339e-01 0.000000e+00 
160 4.705612e-01 0.000000e+00 
200 4.551014e-01 0.000000e+00 
240 4.444230e-01 0.000000e+00 
280 4.485538e-01 0.000000e+00 
320 4.045757e-01 0.000000e+00 
360 4.318840e-01 0.000000e+00 
400 4.251390e-01 0.000000e+00 
440 4.222747e-01 0.000000e+00 
480 4.034209e-01 0.000000e+00 
520 4.085209e-01 0.000000e+00 
560 4.083784e-01 0.000000e+00 
600 3.931286e-01 0.000000e+00 
];
