version = 'MMult_4x4_21';
MY_MMult = [
40 3.282051e+00 0.000000e+00 
80 3.778598e+00 0.000000e+00 
120 3.972414e+00 0.000000e+00 
160 3.745770e+00 0.000000e+00 
200 3.469211e+00 0.000000e+00 
240 3.684926e+00 0.000000e+00 
280 3.481129e+00 0.000000e+00 
320 3.728297e+00 0.000000e+00 
360 3.610168e+00 0.000000e+00 
400 3.748499e+00 0.000000e+00 
440 3.660286e+00 0.000000e+00 
480 3.859903e+00 0.000000e+00 
520 3.629671e+00 0.000000e+00 
560 3.847305e+00 0.000000e+00 
600 3.731182e+00 0.000000e+00 
640 3.928546e+00 0.000000e+00 
680 3.803253e+00 0.000000e+00 
];
