version = 'MMult_4x4_12';
MY_MMult = [
40 4.413793e+00 1.907349e-06 
80 4.376068e+00 3.814697e-06 
120 4.553360e+00 4.768372e-06 
160 4.602247e+00 6.198883e-06 
200 4.711425e+00 8.583069e-06 
240 4.726962e+00 8.106232e-06 
280 4.433852e+00 1.049042e-05 
320 4.428407e+00 1.525879e-05 
360 4.357320e+00 1.907349e-05 
400 4.424932e+00 2.288818e-05 
440 4.333079e+00 2.670288e-05 
480 4.467732e+00 2.861023e-05 
520 4.221068e+00 3.433228e-05 
560 4.394740e+00 3.433228e-05 
600 4.293253e+00 3.623962e-05 
];
