version = 'MMult_4x4_13';
MY_MMult = [
40 4.266667e+00 1.907349e-06 
80 4.357447e+00 3.814697e-06 
120 4.601864e+00 4.768372e-06 
160 4.604834e+00 6.198883e-06 
200 4.722550e+00 8.583069e-06 
240 4.727770e+00 8.106232e-06 
280 4.484118e+00 1.049042e-05 
320 4.404005e+00 1.525879e-05 
360 4.360374e+00 1.907349e-05 
400 4.413793e+00 2.288818e-05 
440 4.347010e+00 2.670288e-05 
480 4.463675e+00 2.861023e-05 
520 4.225889e+00 3.433228e-05 
560 4.377596e+00 3.433228e-05 
600 4.287756e+00 3.623962e-05 
];
