version = 'MMult_4x4_21';
MY_MMult = [
40 3.200000e+00 0.000000e+00 
80 3.778598e+00 0.000000e+00 
120 3.967853e+00 0.000000e+00 
160 3.756075e+00 0.000000e+00 
200 3.474484e+00 0.000000e+00 
240 3.681491e+00 0.000000e+00 
280 3.468204e+00 0.000000e+00 
320 3.714561e+00 0.000000e+00 
360 3.615343e+00 0.000000e+00 
400 3.750256e+00 0.000000e+00 
440 3.659264e+00 0.000000e+00 
480 3.860374e+00 0.000000e+00 
520 3.633610e+00 0.000000e+00 
560 3.852707e+00 0.000000e+00 
600 3.730312e+00 0.000000e+00 
640 3.926516e+00 0.000000e+00 
680 3.803391e+00 0.000000e+00 
];
